BFGS: 0.5575715125131937, 6240
L-BFGS-B: 0.6241590808602291, 4560
CG: 0.5499212602068219, 27072
epoch: 0
minX: [ 0.9138405   1.68210886  0.44652281  0.19611508  0.33528571  0.7004015
  0.42296924  0.80098601  0.34308098  0.5483959   0.41927348  0.47266196
  0.73938804  0.20476915  0.82019255  0.72806734  0.37425913  0.32558652
 -0.03377569  1.11902871  1.32096698  0.12881215  1.13823468  0.8019958
  0.46808728  0.35342463  0.64752107  0.96891142  1.53934926  0.60341209
  0.04642094 -0.18916963  1.24681554  0.87630018  1.01610634  0.90963696
  0.51609807  0.86317632 -0.31382543  1.03252078 -0.06044059  0.21614594
 -0.07116144  0.70838326 -0.11841583  0.44956282  0.39253911]
minVal: 0.5499212602068219
BFGS: 0.6239907797339573, 3264
L-BFGS-B: 0.5913035053339865, 4896
CG: 0.5149102704036868, 31536
epoch: 1
minX: [ 0.22454881  1.31041095  0.79290505  0.85760419  0.93591001  0.38924285
  0.73966808  0.67120383  0.59264968  0.30401913  0.73988619  0.21638462
  0.40796754 -0.17780586  1.09650527  0.54126294  0.69790858  0.06395162
  1.03600445 -0.24423111  0.20928127 -0.37488322  0.80703171  0.02019352
  0.80033607 -0.04919609  1.23200048 -0.17195153 -0.27994115  1.13207909
  0.21067993 -0.19698901 -0.32153127  0.09467642  0.23872741  0.56602354
  0.45387223  0.43514693  1.47920731  0.8135245   0.30451261  1.01513601
  1.08220475  0.30164302  1.34790301  0.46316149  0.8754895 ]
minVal: 0.5149102704036868
BFGS: 0.6048593351541056, 4896
L-BFGS-B: 0.5228765401019725, 10944
CG: 0.5286006195993153, 26832
epoch: 2
minX: [ 0.22454881  1.31041095  0.79290505  0.85760419  0.93591001  0.38924285
  0.73966808  0.67120383  0.59264968  0.30401913  0.73988619  0.21638462
  0.40796754 -0.17780586  1.09650527  0.54126294  0.69790858  0.06395162
  1.03600445 -0.24423111  0.20928127 -0.37488322  0.80703171  0.02019352
  0.80033607 -0.04919609  1.23200048 -0.17195153 -0.27994115  1.13207909
  0.21067993 -0.19698901 -0.32153127  0.09467642  0.23872741  0.56602354
  0.45387223  0.43514693  1.47920731  0.8135245   0.30451261  1.01513601
  1.08220475  0.30164302  1.34790301  0.46316149  0.8754895 ]
minVal: 0.5149102704036868
BFGS: 0.5620861750224737, 6096
L-BFGS-B: 0.5995231720759563, 5040
CG: 0.5570694156104835, 23280
epoch: 3
minX: [ 0.22454881  1.31041095  0.79290505  0.85760419  0.93591001  0.38924285
  0.73966808  0.67120383  0.59264968  0.30401913  0.73988619  0.21638462
  0.40796754 -0.17780586  1.09650527  0.54126294  0.69790858  0.06395162
  1.03600445 -0.24423111  0.20928127 -0.37488322  0.80703171  0.02019352
  0.80033607 -0.04919609  1.23200048 -0.17195153 -0.27994115  1.13207909
  0.21067993 -0.19698901 -0.32153127  0.09467642  0.23872741  0.56602354
  0.45387223  0.43514693  1.47920731  0.8135245   0.30451261  1.01513601
  1.08220475  0.30164302  1.34790301  0.46316149  0.8754895 ]
minVal: 0.5149102704036868
BFGS: 0.7046692204093528, 4320
L-BFGS-B: 0.5383887413736528, 6144
CG: 0.5299317782275315, 15456
epoch: 4
minX: [ 0.22454881  1.31041095  0.79290505  0.85760419  0.93591001  0.38924285
  0.73966808  0.67120383  0.59264968  0.30401913  0.73988619  0.21638462
  0.40796754 -0.17780586  1.09650527  0.54126294  0.69790858  0.06395162
  1.03600445 -0.24423111  0.20928127 -0.37488322  0.80703171  0.02019352
  0.80033607 -0.04919609  1.23200048 -0.17195153 -0.27994115  1.13207909
  0.21067993 -0.19698901 -0.32153127  0.09467642  0.23872741  0.56602354
  0.45387223  0.43514693  1.47920731  0.8135245   0.30451261  1.01513601
  1.08220475  0.30164302  1.34790301  0.46316149  0.8754895 ]
minVal: 0.5149102704036868
BFGS: 0.5347434733526378, 4608
L-BFGS-B: 0.5452991008683753, 6048
CG: 0.6303064131133645, 15120
epoch: 5
minX: [ 0.22454881  1.31041095  0.79290505  0.85760419  0.93591001  0.38924285
  0.73966808  0.67120383  0.59264968  0.30401913  0.73988619  0.21638462
  0.40796754 -0.17780586  1.09650527  0.54126294  0.69790858  0.06395162
  1.03600445 -0.24423111  0.20928127 -0.37488322  0.80703171  0.02019352
  0.80033607 -0.04919609  1.23200048 -0.17195153 -0.27994115  1.13207909
  0.21067993 -0.19698901 -0.32153127  0.09467642  0.23872741  0.56602354
  0.45387223  0.43514693  1.47920731  0.8135245   0.30451261  1.01513601
  1.08220475  0.30164302  1.34790301  0.46316149  0.8754895 ]
minVal: 0.5149102704036868
BFGS: 0.6385769079548168, 5856
L-BFGS-B: 0.5277592231896254, 5856
CG: 0.5455204351849943, 18864
epoch: 6
minX: [ 0.22454881  1.31041095  0.79290505  0.85760419  0.93591001  0.38924285
  0.73966808  0.67120383  0.59264968  0.30401913  0.73988619  0.21638462
  0.40796754 -0.17780586  1.09650527  0.54126294  0.69790858  0.06395162
  1.03600445 -0.24423111  0.20928127 -0.37488322  0.80703171  0.02019352
  0.80033607 -0.04919609  1.23200048 -0.17195153 -0.27994115  1.13207909
  0.21067993 -0.19698901 -0.32153127  0.09467642  0.23872741  0.56602354
  0.45387223  0.43514693  1.47920731  0.8135245   0.30451261  1.01513601
  1.08220475  0.30164302  1.34790301  0.46316149  0.8754895 ]
minVal: 0.5149102704036868
BFGS: 0.5293382933123286, 5088
L-BFGS-B: 0.5438670310017899, 8400
CG: 0.6082048366206694, 14880
epoch: 7
minX: [ 0.22454881  1.31041095  0.79290505  0.85760419  0.93591001  0.38924285
  0.73966808  0.67120383  0.59264968  0.30401913  0.73988619  0.21638462
  0.40796754 -0.17780586  1.09650527  0.54126294  0.69790858  0.06395162
  1.03600445 -0.24423111  0.20928127 -0.37488322  0.80703171  0.02019352
  0.80033607 -0.04919609  1.23200048 -0.17195153 -0.27994115  1.13207909
  0.21067993 -0.19698901 -0.32153127  0.09467642  0.23872741  0.56602354
  0.45387223  0.43514693  1.47920731  0.8135245   0.30451261  1.01513601
  1.08220475  0.30164302  1.34790301  0.46316149  0.8754895 ]
minVal: 0.5149102704036868
BFGS: 0.5411587180089333, 4224
L-BFGS-B: 0.5221961323583136, 8592
CG: 0.5495151122479495, 33936
epoch: 8
minX: [ 0.22454881  1.31041095  0.79290505  0.85760419  0.93591001  0.38924285
  0.73966808  0.67120383  0.59264968  0.30401913  0.73988619  0.21638462
  0.40796754 -0.17780586  1.09650527  0.54126294  0.69790858  0.06395162
  1.03600445 -0.24423111  0.20928127 -0.37488322  0.80703171  0.02019352
  0.80033607 -0.04919609  1.23200048 -0.17195153 -0.27994115  1.13207909
  0.21067993 -0.19698901 -0.32153127  0.09467642  0.23872741  0.56602354
  0.45387223  0.43514693  1.47920731  0.8135245   0.30451261  1.01513601
  1.08220475  0.30164302  1.34790301  0.46316149  0.8754895 ]
minVal: 0.5149102704036868
BFGS: 0.5461170205301287, 4032
L-BFGS-B: 0.5554242300826847, 6624
CG: 0.550071426497178, 17472
epoch: 9
minX: [ 0.22454881  1.31041095  0.79290505  0.85760419  0.93591001  0.38924285
  0.73966808  0.67120383  0.59264968  0.30401913  0.73988619  0.21638462
  0.40796754 -0.17780586  1.09650527  0.54126294  0.69790858  0.06395162
  1.03600445 -0.24423111  0.20928127 -0.37488322  0.80703171  0.02019352
  0.80033607 -0.04919609  1.23200048 -0.17195153 -0.27994115  1.13207909
  0.21067993 -0.19698901 -0.32153127  0.09467642  0.23872741  0.56602354
  0.45387223  0.43514693  1.47920731  0.8135245   0.30451261  1.01513601
  1.08220475  0.30164302  1.34790301  0.46316149  0.8754895 ]
minVal: 0.5149102704036868
BFGS: 0.5294909690736593, 6432
L-BFGS-B: 0.5500513199530394, 6624
CG: 0.6495983987184053, 16224
epoch: 10
minX: [ 0.22454881  1.31041095  0.79290505  0.85760419  0.93591001  0.38924285
  0.73966808  0.67120383  0.59264968  0.30401913  0.73988619  0.21638462
  0.40796754 -0.17780586  1.09650527  0.54126294  0.69790858  0.06395162
  1.03600445 -0.24423111  0.20928127 -0.37488322  0.80703171  0.02019352
  0.80033607 -0.04919609  1.23200048 -0.17195153 -0.27994115  1.13207909
  0.21067993 -0.19698901 -0.32153127  0.09467642  0.23872741  0.56602354
  0.45387223  0.43514693  1.47920731  0.8135245   0.30451261  1.01513601
  1.08220475  0.30164302  1.34790301  0.46316149  0.8754895 ]
minVal: 0.5149102704036868
BFGS: 0.5433325464562699, 5040
L-BFGS-B: 0.5587289300018756, 4176
CG: 0.5406185115199423, 26016
epoch: 11
minX: [ 0.22454881  1.31041095  0.79290505  0.85760419  0.93591001  0.38924285
  0.73966808  0.67120383  0.59264968  0.30401913  0.73988619  0.21638462
  0.40796754 -0.17780586  1.09650527  0.54126294  0.69790858  0.06395162
  1.03600445 -0.24423111  0.20928127 -0.37488322  0.80703171  0.02019352
  0.80033607 -0.04919609  1.23200048 -0.17195153 -0.27994115  1.13207909
  0.21067993 -0.19698901 -0.32153127  0.09467642  0.23872741  0.56602354
  0.45387223  0.43514693  1.47920731  0.8135245   0.30451261  1.01513601
  1.08220475  0.30164302  1.34790301  0.46316149  0.8754895 ]
minVal: 0.5149102704036868
BFGS: 0.5594951732582101, 3360
L-BFGS-B: 0.557382097295855, 5664
CG: 0.5297862456054635, 38736
epoch: 12
minX: [ 0.22454881  1.31041095  0.79290505  0.85760419  0.93591001  0.38924285
  0.73966808  0.67120383  0.59264968  0.30401913  0.73988619  0.21638462
  0.40796754 -0.17780586  1.09650527  0.54126294  0.69790858  0.06395162
  1.03600445 -0.24423111  0.20928127 -0.37488322  0.80703171  0.02019352
  0.80033607 -0.04919609  1.23200048 -0.17195153 -0.27994115  1.13207909
  0.21067993 -0.19698901 -0.32153127  0.09467642  0.23872741  0.56602354
  0.45387223  0.43514693  1.47920731  0.8135245   0.30451261  1.01513601
  1.08220475  0.30164302  1.34790301  0.46316149  0.8754895 ]
minVal: 0.5149102704036868
BFGS: 0.5458438698638973, 4272
L-BFGS-B: 0.599523170715365, 5280
CG: 0.5573820398986359, 21024
epoch: 13
minX: [ 0.22454881  1.31041095  0.79290505  0.85760419  0.93591001  0.38924285
  0.73966808  0.67120383  0.59264968  0.30401913  0.73988619  0.21638462
  0.40796754 -0.17780586  1.09650527  0.54126294  0.69790858  0.06395162
  1.03600445 -0.24423111  0.20928127 -0.37488322  0.80703171  0.02019352
  0.80033607 -0.04919609  1.23200048 -0.17195153 -0.27994115  1.13207909
  0.21067993 -0.19698901 -0.32153127  0.09467642  0.23872741  0.56602354
  0.45387223  0.43514693  1.47920731  0.8135245   0.30451261  1.01513601
  1.08220475  0.30164302  1.34790301  0.46316149  0.8754895 ]
minVal: 0.5149102704036868
BFGS: 0.5717557304998763, 3648
L-BFGS-B: 0.6270361402133606, 7968
CG: 0.5375216891672351, 20544
epoch: 14
minX: [ 0.22454881  1.31041095  0.79290505  0.85760419  0.93591001  0.38924285
  0.73966808  0.67120383  0.59264968  0.30401913  0.73988619  0.21638462
  0.40796754 -0.17780586  1.09650527  0.54126294  0.69790858  0.06395162
  1.03600445 -0.24423111  0.20928127 -0.37488322  0.80703171  0.02019352
  0.80033607 -0.04919609  1.23200048 -0.17195153 -0.27994115  1.13207909
  0.21067993 -0.19698901 -0.32153127  0.09467642  0.23872741  0.56602354
  0.45387223  0.43514693  1.47920731  0.8135245   0.30451261  1.01513601
  1.08220475  0.30164302  1.34790301  0.46316149  0.8754895 ]
minVal: 0.5149102704036868
BFGS: 0.566707021151131, 6336
L-BFGS-B: 0.646637158153884, 4704
CG: 0.546601698527272, 11472
epoch: 15
minX: [ 0.22454881  1.31041095  0.79290505  0.85760419  0.93591001  0.38924285
  0.73966808  0.67120383  0.59264968  0.30401913  0.73988619  0.21638462
  0.40796754 -0.17780586  1.09650527  0.54126294  0.69790858  0.06395162
  1.03600445 -0.24423111  0.20928127 -0.37488322  0.80703171  0.02019352
  0.80033607 -0.04919609  1.23200048 -0.17195153 -0.27994115  1.13207909
  0.21067993 -0.19698901 -0.32153127  0.09467642  0.23872741  0.56602354
  0.45387223  0.43514693  1.47920731  0.8135245   0.30451261  1.01513601
  1.08220475  0.30164302  1.34790301  0.46316149  0.8754895 ]
minVal: 0.5149102704036868
BFGS: 0.6321616830808667, 3408
L-BFGS-B: 0.5410487998602568, 5808
CG: 0.6848185367294065, 7248
epoch: 16
minX: [ 0.22454881  1.31041095  0.79290505  0.85760419  0.93591001  0.38924285
  0.73966808  0.67120383  0.59264968  0.30401913  0.73988619  0.21638462
  0.40796754 -0.17780586  1.09650527  0.54126294  0.69790858  0.06395162
  1.03600445 -0.24423111  0.20928127 -0.37488322  0.80703171  0.02019352
  0.80033607 -0.04919609  1.23200048 -0.17195153 -0.27994115  1.13207909
  0.21067993 -0.19698901 -0.32153127  0.09467642  0.23872741  0.56602354
  0.45387223  0.43514693  1.47920731  0.8135245   0.30451261  1.01513601
  1.08220475  0.30164302  1.34790301  0.46316149  0.8754895 ]
minVal: 0.5149102704036868
BFGS: 0.708827222190689, 5088
L-BFGS-B: 0.532950161458616, 7152
CG: 0.6242527512209275, 15168
epoch: 17
minX: [ 0.22454881  1.31041095  0.79290505  0.85760419  0.93591001  0.38924285
  0.73966808  0.67120383  0.59264968  0.30401913  0.73988619  0.21638462
  0.40796754 -0.17780586  1.09650527  0.54126294  0.69790858  0.06395162
  1.03600445 -0.24423111  0.20928127 -0.37488322  0.80703171  0.02019352
  0.80033607 -0.04919609  1.23200048 -0.17195153 -0.27994115  1.13207909
  0.21067993 -0.19698901 -0.32153127  0.09467642  0.23872741  0.56602354
  0.45387223  0.43514693  1.47920731  0.8135245   0.30451261  1.01513601
  1.08220475  0.30164302  1.34790301  0.46316149  0.8754895 ]
minVal: 0.5149102704036868
BFGS: 0.5861165859514087, 4944
L-BFGS-B: 0.6016724427190996, 6480
CG: 0.5625318038853494, 19488
epoch: 18
minX: [ 0.22454881  1.31041095  0.79290505  0.85760419  0.93591001  0.38924285
  0.73966808  0.67120383  0.59264968  0.30401913  0.73988619  0.21638462
  0.40796754 -0.17780586  1.09650527  0.54126294  0.69790858  0.06395162
  1.03600445 -0.24423111  0.20928127 -0.37488322  0.80703171  0.02019352
  0.80033607 -0.04919609  1.23200048 -0.17195153 -0.27994115  1.13207909
  0.21067993 -0.19698901 -0.32153127  0.09467642  0.23872741  0.56602354
  0.45387223  0.43514693  1.47920731  0.8135245   0.30451261  1.01513601
  1.08220475  0.30164302  1.34790301  0.46316149  0.8754895 ]
minVal: 0.5149102704036868
BFGS: 0.5554392861008327, 3072
L-BFGS-B: 0.530791413112692, 8208
CG: 0.5370156782291006, 26928
epoch: 19
minX: [ 0.22454881  1.31041095  0.79290505  0.85760419  0.93591001  0.38924285
  0.73966808  0.67120383  0.59264968  0.30401913  0.73988619  0.21638462
  0.40796754 -0.17780586  1.09650527  0.54126294  0.69790858  0.06395162
  1.03600445 -0.24423111  0.20928127 -0.37488322  0.80703171  0.02019352
  0.80033607 -0.04919609  1.23200048 -0.17195153 -0.27994115  1.13207909
  0.21067993 -0.19698901 -0.32153127  0.09467642  0.23872741  0.56602354
  0.45387223  0.43514693  1.47920731  0.8135245   0.30451261  1.01513601
  1.08220475  0.30164302  1.34790301  0.46316149  0.8754895 ]
minVal: 0.5149102704036868
BFGS: 0.6205769942217892, 3600
L-BFGS-B: 0.5514788403927372, 7920
CG: 0.625040030212671, 22896
epoch: 20
minX: [ 0.22454881  1.31041095  0.79290505  0.85760419  0.93591001  0.38924285
  0.73966808  0.67120383  0.59264968  0.30401913  0.73988619  0.21638462
  0.40796754 -0.17780586  1.09650527  0.54126294  0.69790858  0.06395162
  1.03600445 -0.24423111  0.20928127 -0.37488322  0.80703171  0.02019352
  0.80033607 -0.04919609  1.23200048 -0.17195153 -0.27994115  1.13207909
  0.21067993 -0.19698901 -0.32153127  0.09467642  0.23872741  0.56602354
  0.45387223  0.43514693  1.47920731  0.8135245   0.30451261  1.01513601
  1.08220475  0.30164302  1.34790301  0.46316149  0.8754895 ]
minVal: 0.5149102704036868
BFGS: 0.5561320054585759, 3744
L-BFGS-B: 0.6994132260679526, 5568
CG: 0.5190797225756763, 18096
epoch: 21
minX: [ 0.22454881  1.31041095  0.79290505  0.85760419  0.93591001  0.38924285
  0.73966808  0.67120383  0.59264968  0.30401913  0.73988619  0.21638462
  0.40796754 -0.17780586  1.09650527  0.54126294  0.69790858  0.06395162
  1.03600445 -0.24423111  0.20928127 -0.37488322  0.80703171  0.02019352
  0.80033607 -0.04919609  1.23200048 -0.17195153 -0.27994115  1.13207909
  0.21067993 -0.19698901 -0.32153127  0.09467642  0.23872741  0.56602354
  0.45387223  0.43514693  1.47920731  0.8135245   0.30451261  1.01513601
  1.08220475  0.30164302  1.34790301  0.46316149  0.8754895 ]
minVal: 0.5149102704036868
BFGS: 0.5243711710031365, 11088
L-BFGS-B: 0.5780036082279532, 6384
CG: 0.5500714268959698, 22128
epoch: 22
minX: [ 0.22454881  1.31041095  0.79290505  0.85760419  0.93591001  0.38924285
  0.73966808  0.67120383  0.59264968  0.30401913  0.73988619  0.21638462
  0.40796754 -0.17780586  1.09650527  0.54126294  0.69790858  0.06395162
  1.03600445 -0.24423111  0.20928127 -0.37488322  0.80703171  0.02019352
  0.80033607 -0.04919609  1.23200048 -0.17195153 -0.27994115  1.13207909
  0.21067993 -0.19698901 -0.32153127  0.09467642  0.23872741  0.56602354
  0.45387223  0.43514693  1.47920731  0.8135245   0.30451261  1.01513601
  1.08220475  0.30164302  1.34790301  0.46316149  0.8754895 ]
minVal: 0.5149102704036868
BFGS: 0.5492902596300643, 4704
L-BFGS-B: 0.6586179041307836, 6768
CG: 0.5111289502320536, 50256
epoch: 23
minX: [ 0.3677413   1.21330406  0.49038139  0.17345457 -0.55001201  0.48448317
 -0.15438567  1.02223815  0.95037313  0.27807348  0.99604614  0.54742212
  0.79598651 -0.19264612  0.77624036  0.89893007  1.00699697  0.45571401
  1.37787256  0.72632565  0.67090729 -0.02143081  1.0803102   0.09826072
  0.78270285 -0.30393431  0.61896533  0.86400755  0.00880737 -0.32641189
 -0.19007488  1.06745807  0.13848388  0.50377207  0.51314338  0.64530018
  1.0193565   0.80951042  1.53918861  0.88252672  1.47339642  0.10994335
  1.67402647  0.8612155  -0.57678542  0.664217    0.99196966]
minVal: 0.5111289502320536
BFGS: 0.6688089645944533, 4944
L-BFGS-B: 0.5500005357550781, 5616
CG: 0.5601393774420039, 22464
epoch: 24
minX: [ 0.3677413   1.21330406  0.49038139  0.17345457 -0.55001201  0.48448317
 -0.15438567  1.02223815  0.95037313  0.27807348  0.99604614  0.54742212
  0.79598651 -0.19264612  0.77624036  0.89893007  1.00699697  0.45571401
  1.37787256  0.72632565  0.67090729 -0.02143081  1.0803102   0.09826072
  0.78270285 -0.30393431  0.61896533  0.86400755  0.00880737 -0.32641189
 -0.19007488  1.06745807  0.13848388  0.50377207  0.51314338  0.64530018
  1.0193565   0.80951042  1.53918861  0.88252672  1.47339642  0.10994335
  1.67402647  0.8612155  -0.57678542  0.664217    0.99196966]
minVal: 0.5111289502320536
BFGS: 0.6262751279616574, 3456
L-BFGS-B: 0.5333628148755161, 5760
CG: 0.5529131428958877, 17424
epoch: 25
minX: [ 0.3677413   1.21330406  0.49038139  0.17345457 -0.55001201  0.48448317
 -0.15438567  1.02223815  0.95037313  0.27807348  0.99604614  0.54742212
  0.79598651 -0.19264612  0.77624036  0.89893007  1.00699697  0.45571401
  1.37787256  0.72632565  0.67090729 -0.02143081  1.0803102   0.09826072
  0.78270285 -0.30393431  0.61896533  0.86400755  0.00880737 -0.32641189
 -0.19007488  1.06745807  0.13848388  0.50377207  0.51314338  0.64530018
  1.0193565   0.80951042  1.53918861  0.88252672  1.47339642  0.10994335
  1.67402647  0.8612155  -0.57678542  0.664217    0.99196966]
minVal: 0.5111289502320536
BFGS: 0.5620861750713829, 3792
L-BFGS-B: 0.5330094092471676, 12912
CG: 0.7183837575438234, 9216
epoch: 26
minX: [ 0.3677413   1.21330406  0.49038139  0.17345457 -0.55001201  0.48448317
 -0.15438567  1.02223815  0.95037313  0.27807348  0.99604614  0.54742212
  0.79598651 -0.19264612  0.77624036  0.89893007  1.00699697  0.45571401
  1.37787256  0.72632565  0.67090729 -0.02143081  1.0803102   0.09826072
  0.78270285 -0.30393431  0.61896533  0.86400755  0.00880737 -0.32641189
 -0.19007488  1.06745807  0.13848388  0.50377207  0.51314338  0.64530018
  1.0193565   0.80951042  1.53918861  0.88252672  1.47339642  0.10994335
  1.67402647  0.8612155  -0.57678542  0.664217    0.99196966]
minVal: 0.5111289502320536
BFGS: 0.5397420257437998, 4368
L-BFGS-B: 0.5396904146609305, 6384
CG: 0.5695172362182932, 19680
epoch: 27
minX: [ 0.3677413   1.21330406  0.49038139  0.17345457 -0.55001201  0.48448317
 -0.15438567  1.02223815  0.95037313  0.27807348  0.99604614  0.54742212
  0.79598651 -0.19264612  0.77624036  0.89893007  1.00699697  0.45571401
  1.37787256  0.72632565  0.67090729 -0.02143081  1.0803102   0.09826072
  0.78270285 -0.30393431  0.61896533  0.86400755  0.00880737 -0.32641189
 -0.19007488  1.06745807  0.13848388  0.50377207  0.51314338  0.64530018
  1.0193565   0.80951042  1.53918861  0.88252672  1.47339642  0.10994335
  1.67402647  0.8612155  -0.57678542  0.664217    0.99196966]
minVal: 0.5111289502320536
BFGS: 0.5709830991046003, 3504
L-BFGS-B: 0.6466371555313445, 4944
CG: 0.6221083885340934, 13920
epoch: 28
minX: [ 0.3677413   1.21330406  0.49038139  0.17345457 -0.55001201  0.48448317
 -0.15438567  1.02223815  0.95037313  0.27807348  0.99604614  0.54742212
  0.79598651 -0.19264612  0.77624036  0.89893007  1.00699697  0.45571401
  1.37787256  0.72632565  0.67090729 -0.02143081  1.0803102   0.09826072
  0.78270285 -0.30393431  0.61896533  0.86400755  0.00880737 -0.32641189
 -0.19007488  1.06745807  0.13848388  0.50377207  0.51314338  0.64530018
  1.0193565   0.80951042  1.53918861  0.88252672  1.47339642  0.10994335
  1.67402647  0.8612155  -0.57678542  0.664217    0.99196966]
minVal: 0.5111289502320536
BFGS: 0.5610563836648935, 4464
L-BFGS-B: 0.5651555640353575, 5520
CG: 0.5361222393649004, 14784
epoch: 29
minX: [ 0.3677413   1.21330406  0.49038139  0.17345457 -0.55001201  0.48448317
 -0.15438567  1.02223815  0.95037313  0.27807348  0.99604614  0.54742212
  0.79598651 -0.19264612  0.77624036  0.89893007  1.00699697  0.45571401
  1.37787256  0.72632565  0.67090729 -0.02143081  1.0803102   0.09826072
  0.78270285 -0.30393431  0.61896533  0.86400755  0.00880737 -0.32641189
 -0.19007488  1.06745807  0.13848388  0.50377207  0.51314338  0.64530018
  1.0193565   0.80951042  1.53918861  0.88252672  1.47339642  0.10994335
  1.67402647  0.8612155  -0.57678542  0.664217    0.99196966]
minVal: 0.5111289502320536
BFGS: 0.5368263080460107, 4608
L-BFGS-B: 0.5685580252256454, 3696
CG: 0.584969903956046, 22992
epoch: 30
minX: [ 0.3677413   1.21330406  0.49038139  0.17345457 -0.55001201  0.48448317
 -0.15438567  1.02223815  0.95037313  0.27807348  0.99604614  0.54742212
  0.79598651 -0.19264612  0.77624036  0.89893007  1.00699697  0.45571401
  1.37787256  0.72632565  0.67090729 -0.02143081  1.0803102   0.09826072
  0.78270285 -0.30393431  0.61896533  0.86400755  0.00880737 -0.32641189
 -0.19007488  1.06745807  0.13848388  0.50377207  0.51314338  0.64530018
  1.0193565   0.80951042  1.53918861  0.88252672  1.47339642  0.10994335
  1.67402647  0.8612155  -0.57678542  0.664217    0.99196966]
minVal: 0.5111289502320536
BFGS: 0.5280416248761864, 4848
L-BFGS-B: 0.5345981297737987, 8256
CG: 0.5741266064928374, 19728
epoch: 31
minX: [ 0.3677413   1.21330406  0.49038139  0.17345457 -0.55001201  0.48448317
 -0.15438567  1.02223815  0.95037313  0.27807348  0.99604614  0.54742212
  0.79598651 -0.19264612  0.77624036  0.89893007  1.00699697  0.45571401
  1.37787256  0.72632565  0.67090729 -0.02143081  1.0803102   0.09826072
  0.78270285 -0.30393431  0.61896533  0.86400755  0.00880737 -0.32641189
 -0.19007488  1.06745807  0.13848388  0.50377207  0.51314338  0.64530018
  1.0193565   0.80951042  1.53918861  0.88252672  1.47339642  0.10994335
  1.67402647  0.8612155  -0.57678542  0.664217    0.99196966]
minVal: 0.5111289502320536
BFGS: 0.5557979093811385, 5280
L-BFGS-B: 0.6116688853516373, 7248
CG: 0.5360108255443327, 14064
epoch: 32
minX: [ 0.3677413   1.21330406  0.49038139  0.17345457 -0.55001201  0.48448317
 -0.15438567  1.02223815  0.95037313  0.27807348  0.99604614  0.54742212
  0.79598651 -0.19264612  0.77624036  0.89893007  1.00699697  0.45571401
  1.37787256  0.72632565  0.67090729 -0.02143081  1.0803102   0.09826072
  0.78270285 -0.30393431  0.61896533  0.86400755  0.00880737 -0.32641189
 -0.19007488  1.06745807  0.13848388  0.50377207  0.51314338  0.64530018
  1.0193565   0.80951042  1.53918861  0.88252672  1.47339642  0.10994335
  1.67402647  0.8612155  -0.57678542  0.664217    0.99196966]
minVal: 0.5111289502320536
BFGS: 0.5328658147137053, 6384
L-BFGS-B: 0.5598506509765848, 6144
CG: 0.6759006687610499, 8352
epoch: 33
minX: [ 0.3677413   1.21330406  0.49038139  0.17345457 -0.55001201  0.48448317
 -0.15438567  1.02223815  0.95037313  0.27807348  0.99604614  0.54742212
  0.79598651 -0.19264612  0.77624036  0.89893007  1.00699697  0.45571401
  1.37787256  0.72632565  0.67090729 -0.02143081  1.0803102   0.09826072
  0.78270285 -0.30393431  0.61896533  0.86400755  0.00880737 -0.32641189
 -0.19007488  1.06745807  0.13848388  0.50377207  0.51314338  0.64530018
  1.0193565   0.80951042  1.53918861  0.88252672  1.47339642  0.10994335
  1.67402647  0.8612155  -0.57678542  0.664217    0.99196966]
minVal: 0.5111289502320536
BFGS: 0.6804776950959188, 3600
L-BFGS-B: 0.6120968964564777, 4416
CG: 0.6098553460743387, 23040
epoch: 34
minX: [ 0.3677413   1.21330406  0.49038139  0.17345457 -0.55001201  0.48448317
 -0.15438567  1.02223815  0.95037313  0.27807348  0.99604614  0.54742212
  0.79598651 -0.19264612  0.77624036  0.89893007  1.00699697  0.45571401
  1.37787256  0.72632565  0.67090729 -0.02143081  1.0803102   0.09826072
  0.78270285 -0.30393431  0.61896533  0.86400755  0.00880737 -0.32641189
 -0.19007488  1.06745807  0.13848388  0.50377207  0.51314338  0.64530018
  1.0193565   0.80951042  1.53918861  0.88252672  1.47339642  0.10994335
  1.67402647  0.8612155  -0.57678542  0.664217    0.99196966]
minVal: 0.5111289502320536
BFGS: 0.6438511561547594, 3696
L-BFGS-B: 0.5617264338162439, 4656
CG: 0.53361591621278, 34224
epoch: 35
minX: [ 0.3677413   1.21330406  0.49038139  0.17345457 -0.55001201  0.48448317
 -0.15438567  1.02223815  0.95037313  0.27807348  0.99604614  0.54742212
  0.79598651 -0.19264612  0.77624036  0.89893007  1.00699697  0.45571401
  1.37787256  0.72632565  0.67090729 -0.02143081  1.0803102   0.09826072
  0.78270285 -0.30393431  0.61896533  0.86400755  0.00880737 -0.32641189
 -0.19007488  1.06745807  0.13848388  0.50377207  0.51314338  0.64530018
  1.0193565   0.80951042  1.53918861  0.88252672  1.47339642  0.10994335
  1.67402647  0.8612155  -0.57678542  0.664217    0.99196966]
minVal: 0.5111289502320536
BFGS: 0.6121283378315721, 4704
L-BFGS-B: 0.5440935869386465, 4272
CG: 0.5862373977142588, 14448
epoch: 36
minX: [ 0.3677413   1.21330406  0.49038139  0.17345457 -0.55001201  0.48448317
 -0.15438567  1.02223815  0.95037313  0.27807348  0.99604614  0.54742212
  0.79598651 -0.19264612  0.77624036  0.89893007  1.00699697  0.45571401
  1.37787256  0.72632565  0.67090729 -0.02143081  1.0803102   0.09826072
  0.78270285 -0.30393431  0.61896533  0.86400755  0.00880737 -0.32641189
 -0.19007488  1.06745807  0.13848388  0.50377207  0.51314338  0.64530018
  1.0193565   0.80951042  1.53918861  0.88252672  1.47339642  0.10994335
  1.67402647  0.8612155  -0.57678542  0.664217    0.99196966]
minVal: 0.5111289502320536
BFGS: 0.5181551076359816, 5616
L-BFGS-B: 0.5726103937578195, 6048
CG: 0.5553899048725421, 27072
epoch: 37
minX: [ 0.3677413   1.21330406  0.49038139  0.17345457 -0.55001201  0.48448317
 -0.15438567  1.02223815  0.95037313  0.27807348  0.99604614  0.54742212
  0.79598651 -0.19264612  0.77624036  0.89893007  1.00699697  0.45571401
  1.37787256  0.72632565  0.67090729 -0.02143081  1.0803102   0.09826072
  0.78270285 -0.30393431  0.61896533  0.86400755  0.00880737 -0.32641189
 -0.19007488  1.06745807  0.13848388  0.50377207  0.51314338  0.64530018
  1.0193565   0.80951042  1.53918861  0.88252672  1.47339642  0.10994335
  1.67402647  0.8612155  -0.57678542  0.664217    0.99196966]
minVal: 0.5111289502320536
BFGS: 0.6878655140817038, 5184
L-BFGS-B: 0.5587341410800845, 5616
CG: 0.5573489690414205, 15888
epoch: 38
minX: [ 0.3677413   1.21330406  0.49038139  0.17345457 -0.55001201  0.48448317
 -0.15438567  1.02223815  0.95037313  0.27807348  0.99604614  0.54742212
  0.79598651 -0.19264612  0.77624036  0.89893007  1.00699697  0.45571401
  1.37787256  0.72632565  0.67090729 -0.02143081  1.0803102   0.09826072
  0.78270285 -0.30393431  0.61896533  0.86400755  0.00880737 -0.32641189
 -0.19007488  1.06745807  0.13848388  0.50377207  0.51314338  0.64530018
  1.0193565   0.80951042  1.53918861  0.88252672  1.47339642  0.10994335
  1.67402647  0.8612155  -0.57678542  0.664217    0.99196966]
minVal: 0.5111289502320536
BFGS: 0.589124262772208, 4320
L-BFGS-B: 0.6450761816838817, 9744
CG: 0.5254429438477678, 20256
epoch: 39
minX: [ 0.3677413   1.21330406  0.49038139  0.17345457 -0.55001201  0.48448317
 -0.15438567  1.02223815  0.95037313  0.27807348  0.99604614  0.54742212
  0.79598651 -0.19264612  0.77624036  0.89893007  1.00699697  0.45571401
  1.37787256  0.72632565  0.67090729 -0.02143081  1.0803102   0.09826072
  0.78270285 -0.30393431  0.61896533  0.86400755  0.00880737 -0.32641189
 -0.19007488  1.06745807  0.13848388  0.50377207  0.51314338  0.64530018
  1.0193565   0.80951042  1.53918861  0.88252672  1.47339642  0.10994335
  1.67402647  0.8612155  -0.57678542  0.664217    0.99196966]
minVal: 0.5111289502320536
BFGS: 0.5394888542228131, 2928
L-BFGS-B: 0.5264871936832825, 4752
CG: 0.6383699206428739, 17088
epoch: 40
minX: [ 0.3677413   1.21330406  0.49038139  0.17345457 -0.55001201  0.48448317
 -0.15438567  1.02223815  0.95037313  0.27807348  0.99604614  0.54742212
  0.79598651 -0.19264612  0.77624036  0.89893007  1.00699697  0.45571401
  1.37787256  0.72632565  0.67090729 -0.02143081  1.0803102   0.09826072
  0.78270285 -0.30393431  0.61896533  0.86400755  0.00880737 -0.32641189
 -0.19007488  1.06745807  0.13848388  0.50377207  0.51314338  0.64530018
  1.0193565   0.80951042  1.53918861  0.88252672  1.47339642  0.10994335
  1.67402647  0.8612155  -0.57678542  0.664217    0.99196966]
minVal: 0.5111289502320536
BFGS: 0.5259100807858288, 5376
L-BFGS-B: 0.5642880666384741, 5184
CG: 0.5395459355303784, 16368
epoch: 41
minX: [ 0.3677413   1.21330406  0.49038139  0.17345457 -0.55001201  0.48448317
 -0.15438567  1.02223815  0.95037313  0.27807348  0.99604614  0.54742212
  0.79598651 -0.19264612  0.77624036  0.89893007  1.00699697  0.45571401
  1.37787256  0.72632565  0.67090729 -0.02143081  1.0803102   0.09826072
  0.78270285 -0.30393431  0.61896533  0.86400755  0.00880737 -0.32641189
 -0.19007488  1.06745807  0.13848388  0.50377207  0.51314338  0.64530018
  1.0193565   0.80951042  1.53918861  0.88252672  1.47339642  0.10994335
  1.67402647  0.8612155  -0.57678542  0.664217    0.99196966]
minVal: 0.5111289502320536
BFGS: 0.528456449333024, 3552
L-BFGS-B: 0.5238464933040375, 9072
CG: 0.5524061645302657, 26880
epoch: 42
minX: [ 0.3677413   1.21330406  0.49038139  0.17345457 -0.55001201  0.48448317
 -0.15438567  1.02223815  0.95037313  0.27807348  0.99604614  0.54742212
  0.79598651 -0.19264612  0.77624036  0.89893007  1.00699697  0.45571401
  1.37787256  0.72632565  0.67090729 -0.02143081  1.0803102   0.09826072
  0.78270285 -0.30393431  0.61896533  0.86400755  0.00880737 -0.32641189
 -0.19007488  1.06745807  0.13848388  0.50377207  0.51314338  0.64530018
  1.0193565   0.80951042  1.53918861  0.88252672  1.47339642  0.10994335
  1.67402647  0.8612155  -0.57678542  0.664217    0.99196966]
minVal: 0.5111289502320536
BFGS: 0.5247180971802359, 4416
L-BFGS-B: 0.5390584076079841, 5568
CG: 0.5420764862811046, 14400
epoch: 43
minX: [ 0.3677413   1.21330406  0.49038139  0.17345457 -0.55001201  0.48448317
 -0.15438567  1.02223815  0.95037313  0.27807348  0.99604614  0.54742212
  0.79598651 -0.19264612  0.77624036  0.89893007  1.00699697  0.45571401
  1.37787256  0.72632565  0.67090729 -0.02143081  1.0803102   0.09826072
  0.78270285 -0.30393431  0.61896533  0.86400755  0.00880737 -0.32641189
 -0.19007488  1.06745807  0.13848388  0.50377207  0.51314338  0.64530018
  1.0193565   0.80951042  1.53918861  0.88252672  1.47339642  0.10994335
  1.67402647  0.8612155  -0.57678542  0.664217    0.99196966]
minVal: 0.5111289502320536
BFGS: 0.5486868628189694, 4032
L-BFGS-B: 0.5680301182599948, 4464
CG: 0.5422779117206158, 46512
epoch: 44
minX: [ 0.3677413   1.21330406  0.49038139  0.17345457 -0.55001201  0.48448317
 -0.15438567  1.02223815  0.95037313  0.27807348  0.99604614  0.54742212
  0.79598651 -0.19264612  0.77624036  0.89893007  1.00699697  0.45571401
  1.37787256  0.72632565  0.67090729 -0.02143081  1.0803102   0.09826072
  0.78270285 -0.30393431  0.61896533  0.86400755  0.00880737 -0.32641189
 -0.19007488  1.06745807  0.13848388  0.50377207  0.51314338  0.64530018
  1.0193565   0.80951042  1.53918861  0.88252672  1.47339642  0.10994335
  1.67402647  0.8612155  -0.57678542  0.664217    0.99196966]
minVal: 0.5111289502320536
BFGS: 0.5352733478011816, 3648
L-BFGS-B: 0.5826310251466289, 4032
CG: 0.5270537344458215, 15984
epoch: 45
minX: [ 0.3677413   1.21330406  0.49038139  0.17345457 -0.55001201  0.48448317
 -0.15438567  1.02223815  0.95037313  0.27807348  0.99604614  0.54742212
  0.79598651 -0.19264612  0.77624036  0.89893007  1.00699697  0.45571401
  1.37787256  0.72632565  0.67090729 -0.02143081  1.0803102   0.09826072
  0.78270285 -0.30393431  0.61896533  0.86400755  0.00880737 -0.32641189
 -0.19007488  1.06745807  0.13848388  0.50377207  0.51314338  0.64530018
  1.0193565   0.80951042  1.53918861  0.88252672  1.47339642  0.10994335
  1.67402647  0.8612155  -0.57678542  0.664217    0.99196966]
minVal: 0.5111289502320536
BFGS: 0.538898674950664, 5184
L-BFGS-B: 0.5726709029216454, 7776
CG: 0.5895577613019151, 18576
epoch: 46
minX: [ 0.3677413   1.21330406  0.49038139  0.17345457 -0.55001201  0.48448317
 -0.15438567  1.02223815  0.95037313  0.27807348  0.99604614  0.54742212
  0.79598651 -0.19264612  0.77624036  0.89893007  1.00699697  0.45571401
  1.37787256  0.72632565  0.67090729 -0.02143081  1.0803102   0.09826072
  0.78270285 -0.30393431  0.61896533  0.86400755  0.00880737 -0.32641189
 -0.19007488  1.06745807  0.13848388  0.50377207  0.51314338  0.64530018
  1.0193565   0.80951042  1.53918861  0.88252672  1.47339642  0.10994335
  1.67402647  0.8612155  -0.57678542  0.664217    0.99196966]
minVal: 0.5111289502320536
BFGS: 0.5353375099534489, 8736
L-BFGS-B: 0.5294749510165486, 7392
CG: 0.554278169261113, 27072
epoch: 47
minX: [ 0.3677413   1.21330406  0.49038139  0.17345457 -0.55001201  0.48448317
 -0.15438567  1.02223815  0.95037313  0.27807348  0.99604614  0.54742212
  0.79598651 -0.19264612  0.77624036  0.89893007  1.00699697  0.45571401
  1.37787256  0.72632565  0.67090729 -0.02143081  1.0803102   0.09826072
  0.78270285 -0.30393431  0.61896533  0.86400755  0.00880737 -0.32641189
 -0.19007488  1.06745807  0.13848388  0.50377207  0.51314338  0.64530018
  1.0193565   0.80951042  1.53918861  0.88252672  1.47339642  0.10994335
  1.67402647  0.8612155  -0.57678542  0.664217    0.99196966]
minVal: 0.5111289502320536
BFGS: 0.5286006197178919, 4656
L-BFGS-B: 0.7455954392903444, 4368
CG: 0.5229301105811663, 39216
epoch: 48
minX: [ 0.3677413   1.21330406  0.49038139  0.17345457 -0.55001201  0.48448317
 -0.15438567  1.02223815  0.95037313  0.27807348  0.99604614  0.54742212
  0.79598651 -0.19264612  0.77624036  0.89893007  1.00699697  0.45571401
  1.37787256  0.72632565  0.67090729 -0.02143081  1.0803102   0.09826072
  0.78270285 -0.30393431  0.61896533  0.86400755  0.00880737 -0.32641189
 -0.19007488  1.06745807  0.13848388  0.50377207  0.51314338  0.64530018
  1.0193565   0.80951042  1.53918861  0.88252672  1.47339642  0.10994335
  1.67402647  0.8612155  -0.57678542  0.664217    0.99196966]
minVal: 0.5111289502320536
BFGS: 0.590399843939341, 4416
L-BFGS-B: 0.5314212184653934, 4896
CG: 0.5379160645534207, 12192
epoch: 49
minX: [ 0.3677413   1.21330406  0.49038139  0.17345457 -0.55001201  0.48448317
 -0.15438567  1.02223815  0.95037313  0.27807348  0.99604614  0.54742212
  0.79598651 -0.19264612  0.77624036  0.89893007  1.00699697  0.45571401
  1.37787256  0.72632565  0.67090729 -0.02143081  1.0803102   0.09826072
  0.78270285 -0.30393431  0.61896533  0.86400755  0.00880737 -0.32641189
 -0.19007488  1.06745807  0.13848388  0.50377207  0.51314338  0.64530018
  1.0193565   0.80951042  1.53918861  0.88252672  1.47339642  0.10994335
  1.67402647  0.8612155  -0.57678542  0.664217    0.99196966]
minVal: 0.5111289502320536
